256
0 35 233 212 230 35 114 65 3 167 104 39 122 75 40 9 13 86 155 86 13 162 204 23 25 72 211 21 8 127 107 26 203 40 50 217 30 75 117 252 85 245 186 166 109 12 9 2 124 237 254 177 155 109 41 187 123 130 211 222 222 97 206 169 200 120 87 231 208 100 248 110 241 238 62 72 188 218 53 76 111 215 165 218 215 137 131 176 102 167 151 116 106 47 33 137 175 92 255 200 124 83 185 69 101 180 21 24 11 249 26 52 137 99 29 100 53 136 9 111 227 116 6 39 223 99 198 57 114 106 131 192 189 199 94 61 32 159 63 52 124 104 133 9 122 130 48 20 250 216 87 133 80 159 95 217 43 45 71 86 250 39 51 75 61 143 156 99 248 135 230 32 23 90 9 26 83 242 225 74 15 31 53 86 235 46 142 12 20 132 169 45 77 213 174 91 6 45 62 113 85 65 96 188 55 4 219 239 31 191 189 58 105 20 125 45 64 70 115 225 133 208 128 186 56 214 202 164 154 14 135 195 129 231 89 100 95 58 180 51 65 178 244 107 127 70 161 54 250 4 148 129 146 157 56 162 
35 0 1 57 131 112 113 253 116 101 157 94 173 188 11 96 42 226 20 23 195 0 96 80 69 197 159 213 187 102 180 226 31 170 154 227 121 123 62 63 85 183 191 154 111 161 241 37 12 37 85 109 166 69 212 3 126 120 166 198 4 21 181 90 173 37 220 217 126 89 147 228 78 51 169 42 153 198 61 154 52 111 207 106 223 15 23 1 39 181 128 100 214 190 213 112 137 218 68 46 171 229 82 205 39 192 183 123 237 122 63 14 92 79 202 239 192 92 169 64 219 0 247 145 73 73 160 53 201 225 188 19 136 58 118 217 7 38 95 105 132 21 10 69 105 126 199 84 75 192 177 15 5 167 131 222 120 65 0 238 238 0 222 127 192 176 183 203 127 26 231 129 130 141 146 122 189 160 245 149 150 27 119 250 142 76 242 234 68 54 247 176 33 251 69 5 220 106 119 95 124 98 180 148 133 187 177 181 255 71 245 228 137 20 114 43 175 195 3 57 255 1 161 139 45 93 96 66 149 231 144 13 143 142 194 2 48 192 176 240 221 168 96 25 88 230 108 182 85 207 93 20 134 109 215 206 
233 1 0 173 61 74 107 39 28 110 4 27 210 195 66 115 22 186 139 85 138 143 133 89 233 53 91 172 47 116 232 76 210 23 206 6 122 38 134 62 157 4 207 211 117 98 59 246 207 201 154 242 240 47 162 160 116 121 51 62 143 200 162 201 19 22 207 144 243 129 184 230 70 16 43 33 85 39 202 49 120 135 120 141 252 14 45 232 118 26 210 58 201 19 148 224 134 141 111 134 50 59 60 12 244 61 151 227 11 133 25 184 35 163 55 1 138 187 19 73 104 171 91 75 1 212 82 170 70 187 43 44 22 112 120 12 200 145 6 8 39 141 46 48 33 29 82 106 2 100 205 63 255 124 0 152 33 199 22 51 110 21 114 182 244 235 179 205 104 178 85 138 251 192 60 109 220 4 65 84 232 117 150 122 42 185 120 89 35 187 34 162 187 185 201 106 174 156 238 228 216 136 221 65 145 142 60 67 103 45 83 110 160 132 255 250 212 36 227 139 187 78 165 78 27 4 128 131 72 145 90 77 81 165 200 26 40 246 60 130 36 93 90 58 240 255 110 253 252 219 162 67 217 20 163 63 
212 57 173 0 158 237 123 74 115 248 242 43 167 19 141 37 213 200 250 158 42 100 172 54 180 28 242 52 131 189 155 29 132 157 84 160 92 140 133 242 146 165 185 23 179 232 32 3 186 20 52 133 191 182 243 5 81 147 3 204 86 219 116 72 140 224 148 156 180 88 186 175 182 151 16 122 75 58 80 48 86 51 72 36 135 241 76 23 97 152 154 188 82 133 60 173 150 143 195 32 130 155 132 137 24 14 182 119 64 225 220 168 109 2 132 19 218 219 57 70 20 157 48 230 123 105 0 179 2 203 181 28 184 153 159 110 132 152 229 224 231 145 182 111 10 183 200 243 193 85 232 253 204 91 29 130 247 68 223 40 45 197 24 158 222 241 184 254 69 176 13 185 165 203 243 113 27 224 217 250 30 195 63 76 116 155 212 90 84 175 253 187 128 184 223 101 255 170 25 152 6 87 187 200 16 29 243 61 35 7 4 38 121 105 73 136 11 71 133 77 149 123 247 154 232 212 51 96 128 128 232 33 45 58 17 175 13 60 50 37 136 121 115 166 253 62 102 221 240 63 157 162 136 35 60 173 
230 131 61 158 0 30 133 91 148 88 218 112 11 45 219 109 25 124 116 85 49 249 181 212 230 23 176 213 103 92 117 169 169 235 217 224 234 69 166 42 250 58 3 6 16 84 57 170 109 239 232 220 123 110 253 173 205 68 226 10 58 160 202 24 41 209 156 89 78 107 20 115 188 38 9 247 60 143 135 130 150 229 39 16 90 61 139 4 172 129 220 88 247 149 55 94 25 213 239 178 229 90 40 246 106 223 221 9 157 173 97 148 78 18 160 148 244 205 244 190 81 236 50 107 84 201 175 253 38 151 161 174 129 70 148 80 153 203 33 12 71 144 8 137 129 49 93 58 173 95 34 61 209 7 156 16 33 224 87 230 137 254 37 88 127 212 42 112 109 194 49 1 0 227 35 220 51 216 157 119 236 114 125 198 114 40 12 214 81 178 112 195 167 201 4 135 48 249 2 10 144 62 216 77 58 194 133 189 123 221 188 19 194 61 184 37 81 148 169 245 118 166 151 157 255 222 230 216 93 51 139 136 27 121 65 123 193 220 120 159 5 195 250 132 240 198 189 16 46 185 83 18 69 184 190 103 
35 112 74 237 30 0 229 243 172 143 107 153 248 2 229 242 161 24 165 143 13 221 165 166 138 127 195 14 72 205 220 31 13 71 140 202 113 230 139 237 29 241 151 70 159 180 193 219 6 20 232 125 242 8 119 65 127 57 84 219 156 153 242 119 222 9 48 160 217 126 212 153 175 137 210 157 176 118 49 242 240 64 99 24 72 79 4 108 15 211 163 145 228 81 21 91 177 84 157 27 17 92 122 30 224 229 187 229 216 176 247 65 12 85 105 172 9 142 5 177 162 125 11 181 184 215 127 44 156 176 59 46 46 133 247 203 164 60 54 192 73 88 34 69 177 13 171 91 100 123 30 96 61 203 151 117 70 192 37 167 40 132 96 8 156 64 199 151 105 142 26 243 168 107 252 5 141 207 210 152 173 115 57 175 198 184 182 218 160 190 22 153 6 55 56 251 54 106 108 1 51 170 133 24 86 101 111 138 5 110 92 152 70 107 223 105 142 216 198 9 174 71 127 63 188 166 46 150 169 35 202 168 70 177 70 148 175 67 79 70 206 115 54 60 21 129 41 153 196 64 255 30 73 8 222 207 
114 113 107 123 133 229 0 199 107 89 130 152 95 67 52 237 128 232 119 157 123 21 222 59 125 139 246 250 170 183 204 43 155 63 38 245 142 232 171 179 116 87 143 4 218 45 5 205 144 217 172 29 124 134 227 186 47 92 34 205 9 57 86 173 243 43 170 198 185 144 186 167 105 51 125 131 232 12 48 90 199 44 4 33 45 202 244 14 49 77 99 96 96 255 25 74 168 51 92 229 104 198 111 227 100 195 254 171 170 27 61 208 185 123 155 92 240 106 193 186 195 47 105 5 35 28 99 203 28 241 80 63 233 95 244 185 128 252 115 84 37 166 53 82 218 102 23 110 158 192 127 31 93 202 191 27 177 150 75 218 139 101 95 210 177 165 255 118 174 209 221 15 181 175 116 143 31 42 58 248 12 80 69 212 227 100 7 32 40 24 25 229 151 142 17 40 198 32 211 195 100 2 142 111 101 88 200 139 149 219 88 23 145 149 203 175 233 132 57 197 93 198 56 92 7 224 177 110 122 255 233 249 152 112 13 144 168 170 87 237 101 185 23 193 3 176 26 5 138 112 79 136 117 132 51 195 
65 253 39 74 91 243 199 0 50 26 237 185 219 183 188 235 144 108 179 99 240 26 207 112 201 33 25 134 196 144 159 157 76 234 248 87 157 99 54 17 157 241 147 229 109 74 74 166 254 129 135 66 172 99 91 225 116 155 240 58 68 0 45 219 152 172 182 181 102 137 155 241 77 32 236 164 154 189 178 162 244 59 206 71 28 43 232 50 236 135 244 255 135 30 96 158 69 31 0 224 63 46 1 82 71 84 41 46 114 61 127 239 32 112 212 231 147 245 46 42 79 228 111 58 50 204 240 83 172 204 213 131 148 37 107 196 193 112 110 16 29 106 35 207 225 127 111 87 146 224 2 29 15 185 164 231 142 131 108 188 217 14 80 107 9 115 232 60 130 177 240 169 153 90 16 76 168 19 190 48 69 179 117 70 31 146 42 214 24 19 216 241 62 132 174 191 88 110 64 154 252 52 181 200 49 191 0 60 48 219 154 217 227 182 53 42 13 167 38 76 8 218 191 14 137 179 79 58 82 239 50 144 139 78 99 240 61 188 229 65 250 200 70 60 112 217 192 157 141 16 218 137 97 219 33 30 
3 116 28 115 148 172 107 50 0 248 121 50 245 130 15 182 93 107 75 177 190 153 237 4 60 173 64 217 55 87 165 216 209 254 168 17 174 249 76 212 180 207 169 105 41 230 237 199 214 227 4 235 245 105 23 180 175 183 210 216 89 116 126 198 254 79 251 220 151 14 12 201 192 82 113 3 129 92 11 58 76 22 214 14 182 148 4 75 157 196 232 149 97 243 174 223 32 234 224 52 4 206 137 190 20 215 247 246 103 30 170 25 193 17 115 8 81 132 12 178 90 140 244 190 2 149 195 219 73 251 40 233 186 109 141 212 27 106 184 121 223 234 192 13 246 130 18 126 70 167 211 33 208 103 153 169 108 210 175 108 10 187 233 115 1 49 129 144 83 123 30 95 95 68 243 74 208 164 123 193 227 49 168 133 186 61 83 215 28 100 69 168 108 27 234 22 6 11 151 203 230 35 215 230 54 97 38 141 134 217 111 71 11 159 25 15 83 60 27 51 111 171 114 173 0 111 175 227 164 36 96 251 17 121 103 129 235 44 12 153 53 120 238 78 162 121 52 110 255 234 140 136 122 116 208 35 
167 101 110 248 88 143 89 26 248 0 139 126 150 14 17 242 83 125 169 120 121 28 45 238 81 194 61 72 223 14 30 218 238 47 95 3 252 173 166 164 0 242 187 139 160 35 243 81 193 44 102 243 109 83 193 24 202 3 247 51 136 6 185 49 63 195 100 161 27 242 150 64 79 204 125 202 73 141 88 22 178 254 89 30 159 46 246 174 50 28 63 161 115 229 205 204 102 186 209 69 136 61 205 93 49 3 90 202 10 253 14 168 48 239 27 37 240 200 35 209 250 51 83 12 33 136 215 157 223 150 180 32 237 103 153 98 253 29 123 79 236 34 235 20 132 233 49 87 8 120 160 237 155 135 140 63 40 148 147 198 128 217 85 59 10 77 197 65 127 189 174 22 195 65 110 46 218 11 37 96 218 243 206 7 1 165 97 202 35 42 206 92 70 171 25 229 72 29 144 251 213 73 18 25 124 36 79 34 213 222 208 19 224 225 162 168 122 170 76 39 5 43 78 250 78 183 214 251 69 91 107 19 22 230 206 179 15 223 111 24 142 234 98 70 150 111 44 241 186 15 249 10 67 164 104 135 
104 157 4 242 218 107 130 237 121 139 0 128 166 38 120 224 33 244 97 71 50 91 66 139 243 171 72 132 68 147 68 176 93 176 72 97 118 79 107 104 199 182 197 93 205 35 222 56 19 192 189 36 74 237 180 193 69 25 31 243 114 147 68 149 254 189 43 155 11 209 188 114 255 121 31 132 123 34 239 56 144 99 20 39 160 104 133 10 114 40 214 29 73 46 126 135 184 199 160 67 233 205 205 160 163 21 52 95 118 221 47 20 156 66 91 108 14 108 176 168 251 36 23 254 40 154 73 30 115 204 207 22 0 231 233 18 188 61 172 123 31 147 194 66 4 164 228 219 187 252 16 74 197 159 25 240 34 139 205 106 146 123 46 118 24 112 159 196 101 62 198 19 190 162 19 125 52 143 143 26 73 45 177 42 126 66 197 179 144 239 196 95 209 94 220 54 71 30 183 111 70 238 41 70 122 12 206 52 79 227 101 212 196 124 149 69 76 126 84 110 138 228 208 254 171 139 149 246 124 144 230 194 166 198 121 115 115 122 176 7 253 66 10 203 226 38 102 52 97 166 245 22 205 99 221 180 
39 94 27 43 112 153 152 185 50 126 128 0 178 92 204 136 147 40 165 115 153 152 40 77 146 50 161 175 109 50 154 55 10 37 157 33 223 236 242 192 133 30 22 124 97 169 97 230 112 189 192 184 194 119 13 22 115 127 159 244 23 18 93 235 161 53 151 87 161 199 210 106 132 21 238 57 234 9 121 52 159 161 19 151 50 51 55 133 3 16 4 20 182 71 229 212 36 121 27 244 76 54 2 162 94 97 181 213 121 146 255 77 4 124 255 140 225 11 136 222 63 204 144 46 242 52 6 59 138 49 214 49 74 111 122 168 246 176 65 148 111 171 54 98 16 122 2 30 59 248 136 183 166 154 202 38 84 123 53 85 108 252 63 205 17 113 231 119 232 250 38 40 30 85 255 30 255 80 17 188 72 34 1 226 202 163 53 136 224 248 192 168 120 65 116 18 76 251 212 56 103 232 4 5 118 128 48 222 160 150 21 135 244 251 214 15 139 125 209 231 248 12 115 176 178 29 133 247 89 101 83 170 254 113 94 106 44 231 148 116 39 247 34 116 225 123 161 148 135 221 111 58 237 168 16 92 
122 173 210 167 11 248 95 219 245 150 166 178 0 242 109 175 224 157 229 169 236 187 48 137 177 222 234 12 244 133 179 215 69 99 2 141 225 33 42 84 179 207 154 51 214 56 111 10 125 58 178 122 65 68 231 41 83 174 243 77 21 205 246 122 233 7 102 240 43 191 149 181 155 243 168 17 15 65 114 39 63 145 142 248 55 86 188 191 48 210 221 196 149 29 136 57 176 62 154 46 179 170 31 116 160 179 229 158 166 233 30 30 242 46 56 140 188 39 174 198 143 166 228 23 51 147 81 36 230 151 130 83 78 27 17 193 38 233 214 136 148 208 211 143 241 122 63 140 167 60 182 233 93 172 147 199 181 207 44 86 62 26 110 247 134 237 115 254 24 160 208 164 34 210 156 20 117 212 190 103 38 27 39 190 41 15 60 121 113 117 153 206 168 55 176 218 252 122 237 121 174 127 40 45 179 189 49 161 130 127 120 213 159 115 189 156 94 26 117 87 241 60 184 120 246 210 227 202 98 34 163 122 184 108 157 106 216 217 153 88 245 230 220 143 119 31 223 255 55 37 26 22 27 14 40 235 
75 188 195 19 45 2 67 183 130 14 38 92 242 0 238 229 75 65 181 251 136 26 226 236 141 58 49 180 215 78 40 189 111 252 80 162 159 248 244 131 80 36 107 161 42 84 39 58 233 79 26 37 157 115 112 182 109 246 154 182 53 190 185 122 27 103 40 124 229 56 201 227 18 103 178 38 167 22 84 194 160 56 230 81 176 158 6 6 8 61 39 6 151 50 234 164 223 55 241 244 85 34 10 171 193 47 239 127 134 147 92 4 22 96 91 231 7 1 219 32 0 30 108 44 115 23 34 126 102 162 14 195 104 116 23 205 56 188 166 119 211 180 225 32 165 235 140 86 137 111 246 149 22 33 145 6 210 70 6 141 9 101 60 49 61 254 128 150 229 231 82 138 64 144 146 243 254 171 241 26 209 150 224 188 181 183 183 128 237 254 180 113 170 253 114 16 150 239 236 242 109 119 90 180 123 214 229 205 239 196 36 213 192 72 91 230 70 129 34 153 215 208 149 157 255 224 33 40 150 42 56 175 73 133 22 200 215 90 171 68 199 153 83 38 251 4 141 200 198 4 186 48 198 243 87 99 
40 11 66 141 219 229 52 188 15 17 120 204 109 238 0 190 53 108 136 175 54 85 49 244 144 101 210 201 92 4 159 235 117 210 157 236 101 47 162 31 51 80 22 107 153 114 221 43 147 197 70 61 55 100 40 23 171 72 0 190 250 41 89 3 119 106 89 163 203 53 156 203 98 57 239 222 165 224 46 143 59 124 29 103 126 141 186 60 77 18 149 194 88 151 63 86 62 200 212 65 235 119 222 57 22 170 89 165 93 93 152 20 85 185 127 164 38 19 163 136 67 161 98 126 242 27 167 197 217 157 83 77 160 209 225 119 56 113 219 70 136 212 244 130 173 98 137 127 65 42 215 243 68 36 80 10 171 53 58 240 114 240 130 123 148 67 118 161 37 105 31 252 125 97 248 102 120 113 102 16 30 1 19 145 160 238 105 22 0 89 227 251 65 22 185 115 58 148 7 151 37 73 245 242 167 111 221 29 139 54 146 162 21 142 238 83 153 213 243 231 241 146 73 121 59 218 102 3 151 231 152 118 190 60 156 158 243 122 224 61 165 3 147 22 107 157 225 214 214 166 11 164 31 248 109 2 
9 96 115 37 109 242 237 235 182 242 224 136 175 229 190 0 5 81 39 77 92 212 246 85 109 194 217 172 182 231 16 240 44 199 138 123 198 143 198 178 122 24 83 132 152 143 221 227 166 221 4 99 212 124 163 201 55 97 83 255 129 123 9 166 241 26 65 82 179 96 81 211 92 214 29 67 206 251 253 128 121 222 92 221 29 29 2 176 169 167 185 72 100 242 240 185 118 46 14 22 183 103 7 81 224 24 175 119 76 147 238 205 229 137 244 231 59 156 49 188 168 241 48 176 38 48 96 106 50 51 47 103 119 82 37 81 237 60 252 50 141 79 140 122 80 115 176 59 116 148 36 68 180 131 144 25 237 142 154 206 85 169 5 121 114 225 7 108 139 254 123 128 146 26 5 56 214 73 119 148 126 94 115 225 251 113 223 113 210 199 161 23 148 22 191 52 198 220 132 19 159 170 117 51 160 249 135 172 67 46 190 29 2 148 105 66 218 205 161 160 238 1 159 197 110 182 229 128 138 199 197 135 67 238 105 142 175 146 139 128 201 79 64 73 240 150 193 216 57 168 101 131 83 114 49 65 
13 42 22 213 25 161 128 144 93 83 33 147 224 75 53 5 0 117 141 87 86 60 210 24 196 72 168 239 52 19 145 53 31 252 32 87 169 29 137 168 180 71 93 40 131 118 35 2 86 25 108 45 247 180 140 52 1 82 75 173 3 201 107 81 145 136 192 138 49 187 80 110 52 26 170 246 61 140 80 64 17 115 97 3 224 58 197 123 40 25 82 207 46 254 246 101 1 54 25 182 120 25 12 119 248 177 26 89 191 86 226 115 136 147 19 44 244 29 62 186 224 71 54 137 57 71 108 96 97 156 25 105 104 63 142 224 145 210 47 18 222 227 141 31 6 203 142 82 85 99 137 213 141 125 126 38 71 3 64 92 188 39 174 231 231 209 72 96 131 77 238 149 27 184 5 204 22 123 251 250 119 9 176 250 226 241 80 22 63 118 79 3 165 210 218 83 238 199 67 226 252 32 32 215 162 248 207 224 255 230 194 119 230 83 11 194 116 54 26 149 60 17 249 0 79 40 133 130 161 118 140 83 223 248 247 223 220 237 52 207 21 127 156 191 65 172 231 210 204 158 190 73 227 107 139 21 
86 226 186 200 124 24 232 108 107 125 244 40 157 65 108 81 117 0 202 4 112 249 205 107 151 53 140 155 107 160 20 147 209 48 130 57 18 174 235 155 87 116 135 191 208 119 253 106 144 68 226 149 220 148 105 148 49 91 235 168 246 156 182 131 61 29 223 92 232 47 240 67 204 165 247 155 100 60 241 34 117 141 41 29 92 82 131 62 92 107 69 65 17 214 158 218 82 118 68 84 245 211 160 250 232 30 198 229 227 74 146 224 17 211 159 248 83 209 38 95 181 147 88 22 3 133 2 146 149 119 52 10 233 74 92 109 16 219 36 238 110 184 186 231 139 72 131 96 159 236 179 183 208 246 54 71 124 17 101 193 52 44 238 57 126 76 31 217 54 145 244 169 83 83 68 93 23 0 201 112 245 5 47 61 22 89 104 180 124 224 48 85 38 58 168 62 152 97 49 204 100 167 134 89 10 252 211 239 19 24 181 238 98 124 10 94 153 126 215 36 11 102 83 186 229 128 39 247 211 34 156 4 131 34 73 93 63 140 247 159 3 240 23 82 131 197 213 143 112 196 244 212 56 252 124 245 
155 20 139 250 116 165 119 179 75 169 97 165 229 181 136 39 141 202 0 74 24 71 21 248 80 202 214 222 11 20 151 110 198 26 68 231 13 177 142 223 178 113 176 3 117 172 225 233 7 110 173 0 42 218 123 232 101 224 166 230 209 97 2 133 202 211 63 112 4 66 23 249 93 47 189 222 87 160 26 248 228 222 163 24 25 123 18 109 3 76 246 171 30 27 216 25 154 251 223 144 8 178 176 137 67 111 82 125 236 31 168 25 26 110 37 55 141 186 169 121 206 5 128 156 171 105 232 163 34 40 242 234 138 230 122 95 1 37 128 147 246 101 39 22 93 62 228 229 209 54 79 86 51 3 228 250 140 5 130 81 76 241 16 154 125 184 183 121 63 224 116 83 167 163 144 202 207 140 199 118 16 18 178 63 151 110 102 145 112 145 138 217 152 142 11 226 165 148 228 199 63 188 107 54 25 73 141 120 24 235 37 13 227 88 249 232 105 251 62 41 95 114 43 231 197 74 28 42 138 59 124 20 157 211 125 179 112 20 173 230 184 150 253 71 191 192 169 112 166 7 248 50 115 185 172 137 
86 23 85 158 85 143 157 99 177 120 71 115 169 251 175 77 87 4 74 0 255 74 59 229 124 42 16 163 173 158 181 133 65 99 247 197 47 73 143 243 185 86 1 69 61 222 100 53 0 128 223 56 17 42 36 209 58 38 21 245 14 195 249 224 171 81 94 232 101 67 242 121 34 137 92 113 228 190 156 118 195 98 188 219 41 240 152 15 165 108 243 66 218 234 70 46 173 21 155 205 221 201 24 76 128 33 20 214 212 11 147 99 125 95 150 109 160 207 66 161 24 11 221 23 12 246 189 186 47 34 221 231 55 201 189 6 92 151 101 214 230 60 188 46 143 220 111 155 74 72 219 191 209 217 223 164 128 61 254 237 77 145 231 67 114 22 211 158 104 79 210 230 166 247 61 50 12 27 246 255 213 20 240 135 247 155 184 60 42 49 86 114 84 82 7 237 125 172 211 54 133 67 135 149 196 229 56 143 197 184 157 92 165 112 229 146 185 195 236 123 239 253 65 234 248 150 112 172 144 145 134 13 28 128 68 119 120 193 163 132 207 178 84 115 201 50 165 220 2 96 156 155 167 158 179 141 
13 195 138 42 49 13 123 240 190 121 50 153 236 136 54 92 86 112 24 255 0 73 16 115 132 203 208 191 6 76 30 63 133 65 16 43 5 254 114 99 217 109 63 128 146 75 167 158 121 198 229 194 85 220 108 30 140 161 253 125 88 128 7 146 97 159 23 179 14 220 93 235 98 87 201 189 57 4 175 84 196 56 250 13 31 173 145 184 138 143 212 15 203 204 54 157 18 38 130 219 57 155 100 126 150 244 236 96 176 21 196 200 216 218 205 138 70 57 41 158 222 145 115 151 36 175 207 248 165 131 70 30 5 124 35 97 181 99 28 153 145 248 230 135 203 33 255 18 72 91 235 3 62 238 157 137 27 171 159 88 60 230 43 251 102 47 247 235 194 18 234 105 116 239 241 186 35 107 189 72 214 80 44 14 189 194 155 154 128 52 134 255 12 89 157 181 9 177 168 132 39 97 153 253 132 209 221 3 181 124 17 79 243 133 53 222 154 217 46 156 239 121 58 39 202 123 33 32 222 30 13 198 87 202 17 45 250 237 181 157 61 151 46 211 128 151 221 233 96 75 24 203 169 137 0 242 
162 0 143 100 249 221 21 26 153 28 91 152 187 26 85 212 60 249 71 74 73 0 252 40 9 1 85 253 58 67 10 29 156 185 242 140 160 58 25 209 39 221 209 7 233 67 217 103 185 19 8 73 185 86 199 137 218 126 224 135 179 101 125 54 0 177 30 135 160 33 178 2 159 254 187 49 175 59 65 104 64 185 16 208 225 145 148 10 232 31 43 99 34 245 68 200 111 138 211 120 104 17 19 226 245 71 154 247 128 233 81 108 243 5 153 142 235 154 59 189 167 226 156 99 19 187 41 171 193 110 248 6 224 97 52 207 89 152 219 162 90 10 147 58 12 81 158 212 133 15 4 166 45 220 129 173 53 206 146 57 146 53 76 195 205 226 102 188 93 183 132 128 85 209 129 81 169 12 37 54 65 44 36 109 114 237 136 236 158 242 255 40 168 147 144 47 25 7 113 202 125 192 45 189 97 7 244 188 80 50 61 65 35 63 36 249 184 9 238 238 157 165 9 124 58 244 5 71 68 196 231 8 22 96 6 239 191 24 97 48 143 178 170 11 148 28 175 120 183 138 234 65 127 74 118 246 
204 96 133 172 181 165 222 207 237 45 66 40 48 226 49 246 210 205 21 59 16 252 0 125 139 208 52 123 182 19 220 82 104 80 225 202 123 92 248 40 65 153 34 58 18 84 77 240 28 217 73 240 238 215 149 22 17 185 149 208 13 41 154 149 40 211 15 118 255 245 37 87 38 5 74 49 230 177 104 191 175 165 75 73 58 52 151 216 185 191 219 28 174 14 186 203 35 217 102 36 117 81 134 175 116 40 157 50 71 141 131 158 6 230 245 122 250 69 140 85 203 20 68 255 32 99 67 62 144 24 181 46 63 32 239 5 48 149 128 24 76 96 209 29 80 70 222 229 204 181 235 203 125 240 236 142 178 39 212 84 45 43 87 193 59 84 64 244 238 108 240 73 103 193 139 13 81 159 126 206 114 248 180 226 117 193 121 28 107 154 223 203 227 248 155 120 148 175 192 124 94 36 170 140 105 77 240 104 160 83 33 196 59 40 153 192 122 59 222 180 48 190 135 226 184 153 97 57 244 150 56 41 72 124 171 184 247 111 40 96 118 104 78 151 26 114 49 240 221 193 184 169 180 13 169 251 
23 80 89 54 212 166 59 112 4 238 139 77 137 236 244 85 24 107 248 229 115 40 125 0 155 73 113 224 142 179 92 90 123 6 140 213 11 158 143 53 135 216 48 77 211 145 181 160 17 177 195 220 165 217 141 54 117 190 11 38 153 232 247 24 42 201 49 24 241 129 239 46 121 167 110 163 206 210 195 181 237 3 236 23 155 218 197 120 17 147 50 80 156 11 108 4 63 136 84 73 69 134 31 86 93 49 2 139 12 44 174 51 43 210 116 24 69 105 173 111 91 29 42 37 37 237 239 216 26 32 109 12 118 97 138 96 197 52 138 54 188 218 208 118 139 55 182 187 96 233 24 6 98 77 184 169 93 55 26 253 67 138 109 146 70 253 33 81 228 27 139 30 237 13 111 198 52 4 254 207 225 216 170 209 183 0 146 23 254 136 56 188 143 241 213 41 203 85 53 75 68 4 55 152 233 40 165 192 187 225 249 6 237 22 82 238 154 89 145 168 43 108 232 121 49 110 165 56 115 189 189 30 133 2 35 105 166 2 207 14 99 66 74 153 12 207 117 213 115 145 16 156 167 147 130 140 
25 69 233 180 230 138 125 201 60 81 243 146 177 141 144 109 196 151 80 124 132 9 139 155 0 66 215 163 26 137 23 127 8 185 27 120 226 232 191 8 246 6 181 165 254 26 155 64 169 34 195 17 4 238 227 198 46 55 54 129 100 185 119 168 35 198 136 38 1 112 178 49 71 56 24 18 87 131 65 157 111 159 58 150 214 175 203 85 244 196 87 82 9 22 176 75 21 94 177 128 19 224 198 248 12 22 35 195 243 50 181 94 201 104 186 171 200 38 106 111 106 187 239 224 235 37 80 69 107 8 91 222 96 172 1 114 159 67 213 4 134 210 179 0 155 64 67 184 103 218 3 131 55 76 235 89 72 93 141 18 45 185 167 181 90 195 135 185 141 157 55 195 118 188 148 166 41 198 213 127 251 58 55 254 100 74 82 211 148 186 152 1 38 126 58 163 207 64 177 17 209 32 2 52 218 59 198 183 43 84 174 90 175 152 150 230 39 204 71 42 53 192 223 93 98 185 50 250 166 209 177 29 224 118 163 8 148 126 125 160 83 179 136 50 121 10 246 196 210 206 171 185 160 137 194 244 
72 197 53 28 23 127 139 33 173 194 171 50 222 58 101 194 72 53 202 42 203 1 208 73 66 0 97 107 73 65 152 52 65 148 15 191 21 197 21 219 1 76 205 33 83 169 77 171 25 80 80 64 216 107 99 81 45 141 124 17 197 45 118 86 221 9 202 5 29 178 72 199 56 179 46 39 231 4 19 184 31 103 185 254 254 160 141 3 162 198 3 151 153 153 115 149 17 51 33 227 102 218 27 20 215 38 93 190 62 74 223 24 73 204 118 68 147 116 1 71 50 215 143 209 68 238 236 164 74 66 47 220 241 174 54 241 186 180 235 73 160 31 241 185 131 51 131 15 109 218 37 147 225 201 8 16 247 140 60 142 192 190 202 229 105 187 77 44 245 62 106 220 80 211 252 88 64 17 62 231 240 13 130 184 246 133 221 64 108 165 20 88 225 111 24 156 213 254 161 45 8 183 44 88 57 49 46 35 31 184 80 169 220 224 190 117 186 93 251 30 253 25 215 201 209 201 107 183 30 73 30 59 200 8 4 210 22 125 124 193 226 60 39 182 55 101 131 137 36 116 236 247 130 195 123 208 
211 159 91 242 176 195 246 25 64 61 72 161 234 49 210 217 168 140 214 16 208 85 52 113 215 97 0 117 104 247 25 255 73 162 130 105 31 113 212 144 57 186 58 45 159 139 24 214 107 197 199 241 144 180 129 90 196 107 11 138 16 229 38 199 163 235 78 70 170 199 230 234 23 239 59 148 200 189 24 2 85 243 169 168 217 225 59 66 71 249 241 72 185 40 185 125 165 161 25 199 241 198 236 148 166 118 66 119 194 188 192 182 208 133 229 13 253 79 234 95 57 201 24 22 33 190 90 225 24 18 202 251 104 40 215 80 61 96 40 40 198 11 215 3 215 121 133 130 62 32 152 10 131 197 34 198 109 180 24 199 163 8 193 94 94 170 36 68 159 152 137 228 136 156 201 6 157 44 251 209 236 108 180 211 50 29 201 228 71 134 157 84 80 75 25 77 89 253 170 147 204 85 148 17 85 76 252 7 196 29 191 231 195 35 185 73 34 192 138 139 21 85 236 147 158 64 182 163 154 60 65 238 160 70 181 78 118 106 28 41 118 21 224 247 182 167 227 249 154 226 113 77 172 115 87 236 
21 213 172 52 213 14 250 134 217 72 132 175 12 180 201 172 239 155 222 163 191 253 123 224 163 107 117 0 186 59 139 9 80 74 176 162 148 13 165 210 92 227 215 64 209 48 37 147 159 151 132 43 104 6 140 163 18 188 35 241 69 228 166 109 233 169 116 168 75 118 88 144 17 121 137 64 48 79 38 38 94 84 88 224 241 11 118 112 199 78 88 15 56 80 125 43 20 75 211 44 77 254 74 178 127 141 89 198 202 111 231 103 221 182 118 134 186 189 139 10 26 16 74 153 101 57 249 95 236 209 196 20 126 16 182 217 238 8 69 75 44 97 118 46 121 123 78 240 240 116 53 87 2 143 81 174 9 215 195 231 202 195 34 1 205 151 36 173 91 208 163 94 14 110 11 64 96 228 56 7 97 38 228 112 5 178 45 130 252 231 85 145 58 57 183 84 162 73 220 60 13 84 145 147 249 87 35 128 74 18 22 185 113 148 27 88 162 194 159 124 248 80 73 243 169 130 148 169 123 62 186 162 251 179 215 126 79 65 37 18 37 137 128 164 141 232 44 56 207 68 183 186 125 238 104 120 
8 187 47 131 103 72 170 196 55 223 68 109 244 215 92 182 52 107 11 173 6 58 182 142 26 73 104 186 0 40 50 60 81 73 70 230 130 115 236 183 80 41 3 1 232 35 121 14 254 141 105 6 178 240 45 72 103 200 8 252 16 233 51 28 74 3 142 229 201 147 177 48 149 137 92 80 63 186 45 38 64 154 165 178 184 230 231 24 121 100 224 231 19 220 68 218 50 246 250 147 60 1 66 52 136 112 136 123 133 4 56 224 2 5 170 227 116 159 174 61 71 221 243 241 210 245 105 237 188 74 215 124 94 118 233 75 140 64 193 94 49 11 210 127 162 151 195 56 190 176 193 40 120 253 85 223 80 159 221 18 26 61 67 18 19 139 128 45 58 3 32 235 3 127 243 244 24 228 52 140 156 121 230 226 216 46 188 201 171 215 231 4 236 163 224 71 155 80 148 196 144 255 102 83 53 86 146 249 155 6 129 246 79 83 195 2 131 114 164 49 182 107 56 17 39 15 77 13 88 49 153 37 192 48 38 45 21 211 172 52 109 100 185 228 117 67 146 200 238 109 36 90 53 236 44 246 
127 102 116 189 92 205 183 144 87 14 147 50 133 78 4 231 19 160 20 158 76 67 19 179 137 65 247 59 40 0 121 67 226 42 224 156 183 253 21 16 218 28 146 117 116 246 120 227 67 214 169 188 165 241 81 22 219 95 82 188 140 149 175 82 47 253 217 248 162 231 120 62 87 121 46 83 60 0 24 20 178 59 63 230 58 182 233 114 147 144 184 211 64 247 143 247 200 148 42 95 23 58 24 124 45 128 228 89 146 227 173 229 33 241 130 236 48 135 153 244 245 141 219 161 117 28 187 180 203 178 239 163 95 194 165 134 97 118 119 253 15 105 100 56 140 230 9 217 8 231 107 236 243 156 244 159 188 38 5 21 179 43 196 31 109 239 172 68 25 91 179 203 104 149 193 8 183 82 141 121 190 9 103 153 80 205 31 10 157 73 200 192 237 39 209 201 23 243 150 209 163 146 16 102 29 173 98 114 22 32 216 199 246 144 78 75 200 82 47 67 26 22 186 176 178 192 52 26 215 80 184 224 104 19 79 109 120 225 127 75 55 236 56 94 255 11 175 34 104 162 171 91 174 145 192 50 
107 180 232 155 117 220 204 159 165 30 68 154 179 40 159 16 145 20 151 181 30 10 220 92 23 152 25 139 50 121 0 169 140 37 46 172 91 11 245 59 153 126 205 39 241 176 161 54 41 5 122 43 157 216 234 131 211 120 70 60 154 53 18 200 120 115 192 140 40 254 250 154 79 231 249 34 120 97 186 180 227 176 253 250 85 39 133 204 196 179 58 118 39 59 140 254 150 207 92 233 114 221 174 71 135 112 137 51 57 142 11 209 165 224 0 159 186 50 126 28 115 51 179 56 206 127 106 36 59 88 107 208 232 100 106 207 233 229 197 192 3 58 173 177 0 31 106 82 5 87 34 83 43 62 163 87 34 251 231 175 13 5 123 24 119 223 191 113 165 176 156 68 165 35 190 254 52 143 21 0 143 27 194 233 223 227 72 102 97 63 193 168 102 76 88 40 251 116 114 236 42 130 125 255 119 44 78 245 118 48 245 201 239 243 137 153 83 140 50 241 236 168 12 106 156 161 105 212 229 4 74 178 217 96 157 90 235 16 52 118 90 49 205 213 70 224 99 184 129 49 230 169 31 29 52 164 
26 226 76 29 169 31 43 157 216 218 176 55 215 189 235 240 53 147 110 133 63 29 82 90 127 52 255 9 60 67 169 0 178 60 219 203 86 38 60 2 61 166 40 127 182 203 98 151 221 208 237 2 66 109 141 176 193 195 184 11 231 205 197 33 219 174 17 30 34 199 110 96 65 113 214 170 13 61 55 65 148 65 119 224 75 140 44 31 44 56 66 248 189 91 96 213 108 199 221 87 77 225 148 249 231 251 106 169 103 146 68 76 115 45 174 135 106 203 140 26 204 212 12 194 93 25 114 172 162 63 6 174 115 207 36 108 5 95 159 24 91 225 9 166 190 50 205 193 83 101 113 26 253 13 214 47 226 177 28 164 217 181 145 196 164 194 230 115 123 77 251 205 12 140 49 250 150 250 231 9 48 188 254 4 161 169 22 241 165 215 221 167 147 121 90 135 47 210 90 242 112 41 7 248 165 215 195 93 170 86 83 220 149 156 189 225 131 134 16 21 114 110 108 170 237 162 110 151 224 36 121 243 17 27 116 125 101 67 202 132 135 239 31 229 32 239 60 181 138 138 36 224 144 177 81 148 
203 31 210 132 169 13 155 76 209 238 93 10 69 111 117 44 31 209 198 65 133 156 104 123 8 65 73 80 81 226 140 178 0 237 237 181 204 47 189 80 250 72 135 171 2 189 36 253 249 6 251 8 120 87 66 191 252 36 71 193 170 22 212 180 104 52 242 99 83 220 96 238 73 255 119 67 42 1 238 215 218 100 137 131 232 40 167 147 76 117 200 122 41 19 167 233 53 148 32 176 210 131 25 51 130 93 107 223 146 41 202 176 155 114 208 73 40 168 127 116 158 198 10 210 178 9 179 46 75 1 4 87 49 153 215 246 52 138 29 246 249 32 220 75 74 106 15 236 80 121 144 141 182 185 167 32 236 51 82 41 50 102 101 104 112 98 174 252 199 105 177 7 34 38 208 93 224 229 129 250 103 103 8 148 58 180 39 46 127 34 74 155 235 222 161 216 16 80 51 85 78 226 205 178 232 198 32 140 14 113 207 35 17 176 212 123 227 28 133 242 49 42 93 207 243 197 231 95 152 92 108 136 198 31 33 60 7 218 149 109 18 72 158 239 131 131 211 62 91 194 93 249 253 29 96 61 
40 170 23 157 235 71 63 234 254 47 176 37 99 252 210 199 252 48 26 99 65 185 80 6 185 148 162 74 73 42 37 60 237 0 137 56 173 28 169 199 239 28 46 84 224 251 31 29 134 243 25 170 160 114 88 47 112 70 62 27 71 244 154 215 69 234 192 103 255 138 40 209 140 249 12 131 160 43 102 213 88 218 149 85 185 150 184 126 12 232 188 182 223 248 254 35 167 4 206 81 24 51 2 225 31 36 212 194 40 174 147 9 182 145 42 159 168 99 78 200 205 121 102 113 253 221 76 101 84 45 35 97 196 178 251 156 249 79 181 130 175 50 120 199 9 16 149 180 200 218 155 48 73 131 157 239 152 75 196 156 81 9 202 104 19 128 32 111 109 202 77 88 4 69 221 3 169 54 26 112 86 207 27 153 142 139 36 215 210 237 25 53 224 129 133 123 219 6 64 10 242 69 186 199 36 199 0 124 83 18 251 93 198 82 186 199 4 241 93 72 185 84 205 47 248 62 55 47 125 119 0 71 102 238 156 134 189 86 88 57 82 178 107 82 168 34 41 50 174 110 162 20 46 248 238 12 
50 154 206 84 217 140 38 248 168 95 72 157 2 80 157 138 32 130 68 247 16 242 225 140 27 15 130 176 70 224 46 219 237 137 0 200 222 14 186 136 248 8 11 241 109 114 210 32 17 5 22 237 223 149 49 149 164 125 11 75 169 79 63 127 237 221 22 175 100 243 114 149 141 192 145 252 46 226 49 28 84 121 224 141 91 22 74 172 231 169 244 206 93 227 58 37 186 123 119 49 92 195 46 3 81 32 166 209 142 95 75 74 206 210 134 35 20 139 220 29 48 76 225 184 168 211 95 60 216 77 159 106 62 195 9 238 118 29 91 77 95 193 45 69 143 110 212 75 209 156 51 62 141 83 182 205 228 121 50 28 100 32 124 130 134 230 3 4 141 32 166 51 62 50 158 74 112 46 73 168 214 13 242 177 246 242 10 166 158 173 225 165 108 145 0 150 7 79 7 156 154 31 110 163 78 10 240 207 114 246 113 1 3 85 242 15 112 111 166 159 45 126 130 182 111 26 128 164 244 152 207 154 112 191 147 33 192 17 205 125 124 216 96 158 238 62 77 173 193 66 43 165 85 153 150 84 
217 227 6 160 224 202 245 87 17 3 97 33 141 162 236 123 87 57 231 197 43 140 202 213 120 191 105 162 230 156 172 203 181 56 200 0 134 6 89 245 37 100 39 168 209 16 92 194 188 157 141 31 7 126 172 86 112 255 254 224 35 16 110 94 143 202 78 251 173 234 113 125 23 179 27 54 225 100 224 245 30 34 135 246 48 65 138 232 51 104 173 88 141 243 7 49 98 41 11 153 191 255 1 191 29 116 120 195 88 174 213 101 148 151 230 2 182 124 109 11 176 140 23 6 246 158 143 165 89 106 166 192 149 4 51 173 85 237 58 0 1 255 94 126 137 81 126 177 94 139 192 182 45 108 148 8 49 206 10 165 16 212 242 123 211 11 19 254 201 82 80 50 8 155 58 9 113 180 35 129 67 9 44 46 52 51 71 45 192 152 11 30 220 88 6 85 214 186 74 142 88 54 79 106 131 23 240 103 240 85 255 13 140 190 240 78 250 108 100 127 69 8 5 117 139 84 195 10 87 135 52 42 201 50 119 4 211 24 105 238 82 248 107 2 16 192 202 134 77 193 33 88 230 148 70 95 
30 121 122 92 234 113 142 157 174 252 118 223 225 159 101 198 169 18 13 47 5 160 123 11 226 21 31 148 130 183 91 86 204 173 222 134 0 188 116 30 105 41 100 191 109 165 89 162 252 68 32 122 217 225 249 199 137 90 76 242 32 111 191 193 141 77 233 50 155 80 59 169 224 171 99 160 7 60 235 148 129 122 242 218 95 152 152 215 153 159 212 167 61 111 33 64 30 164 134 34 250 118 182 220 54 93 206 83 13 112 215 40 105 37 12 22 97 164 165 25 185 26 194 200 14 127 30 41 246 32 178 121 85 210 201 163 240 35 50 115 193 175 116 223 220 130 181 231 55 72 30 169 169 79 111 5 208 184 54 1 52 148 66 106 211 51 171 171 233 171 228 225 93 174 12 86 224 33 32 133 25 150 34 21 130 184 205 23 253 225 19 218 140 142 186 238 21 110 3 238 143 128 115 54 78 85 163 15 35 115 36 100 165 128 212 195 184 93 75 153 63 173 223 134 38 121 61 109 183 205 42 1 79 68 154 14 125 109 136 45 157 166 8 227 7 197 162 77 146 213 109 223 160 239 171 234 
75 123 38 140 69 230 232 99 249 173 79 236 33 248 47 143 29 174 177 73 254 58 92 158 232 197 113 13 115 253 11 38 47 28 14 6 188 0 151 77 214 149 183 148 15 167 183 152 27 162 5 123 44 131 115 73 232 111 51 53 105 95 138 40 145 108 115 71 80 242 93 69 148 229 48 35 73 31 183 35 26 48 244 99 181 138 183 48 40 150 200 206 8 157 26 41 118 118 131 206 98 167 112 30 252 102 248 50 196 182 154 77 99 181 126 57 227 183 102 49 132 133 8 51 214 0 122 171 238 243 242 51 154 230 93 96 78 23 154 160 152 26 35 27 47 122 51 202 176 178 57 28 48 130 114 249 114 63 197 37 73 196 95 212 83 54 105 51 35 140 43 98 134 240 98 184 211 242 177 106 57 238 198 129 139 207 114 85 138 174 19 66 245 103 200 84 127 66 75 53 221 54 123 7 151 35 171 40 239 101 80 108 108 34 106 196 240 125 185 149 250 38 246 209 208 189 162 38 170 113 233 223 107 233 42 86 94 128 65 159 138 241 80 222 250 34 127 238 16 186 167 2 208 105 236 168 
117 62 134 133 166 139 171 54 76 166 107 242 42 244 162 198 137 235 142 143 114 25 248 143 191 21 212 165 236 21 245 60 189 169 186 89 116 151 0 181 98 183 141 126 35 169 244 229 5 18 131 106 9 42 3 167 91 1 251 16 155 100 214 108 255 88 145 193 140 59 235 183 24 59 162 78 7 205 117 123 218 146 131 78 141 182 30 205 42 103 209 80 47 206 6 90 197 205 237 115 222 188 57 151 186 162 193 37 29 90 160 58 185 52 240 215 2 40 236 6 160 221 167 151 115 229 239 43 21 177 95 56 209 12 74 234 78 174 1 215 212 14 119 39 54 52 16 233 31 24 158 208 249 54 155 255 73 180 231 217 151 61 11 168 99 183 112 121 152 61 23 158 193 227 83 43 28 92 106 119 179 254 190 137 128 216 241 174 35 94 108 209 145 182 10 163 140 193 128 80 208 88 59 181 136 159 251 86 146 201 127 45 70 97 1 196 241 84 167 229 161 166 55 86 78 10 213 54 39 40 170 9 213 247 129 127 84 237 202 252 238 2 20 48 113 69 62 37 180 255 187 213 18 69 141 237 
252 63 62 242 42 237 179 17 212 164 104 192 84 131 31 178 168 155 223 243 99 209 40 53 8 219 144 210 183 16 59 2 80 199 136 245 30 77 181 0 129 12 150 228 226 203 180 196 132 6 45 168 127 141 86 32 193 238 155 149 128 51 20 30 95 5 168 187 89 130 97 106 18 199 193 218 171 70 34 94 146 42 127 218 207 4 41 179 137 46 45 236 204 125 174 51 16 119 163 189 169 167 193 12 222 115 153 128 30 48 199 83 126 187 122 105 224 100 254 51 156 79 165 120 96 36 63 37 23 220 11 17 176 185 5 47 233 137 255 243 120 82 56 217 20 134 35 140 34 154 7 18 193 84 82 143 83 245 153 155 108 184 148 229 154 251 74 17 126 105 29 230 133 66 179 181 252 192 180 155 0 205 188 121 253 38 191 151 114 73 118 189 127 151 172 144 115 199 183 51 198 47 116 100 21 238 233 58 224 192 83 204 170 72 181 224 9 95 20 48 156 247 229 66 206 13 153 129 116 45 12 196 72 16 180 248 110 151 45 9 157 241 186 252 248 113 11 248 6 235 151 253 103 249 102 116 
85 85 157 146 250 29 116 157 180 0 199 133 179 80 51 122 180 87 178 185 217 39 65 135 246 1 57 92 80 218 153 61 250 239 248 37 105 214 98 129 0 215 61 204 121 166 225 245 172 224 230 250 191 64 181 151 254 15 127 84 249 247 78 196 108 211 16 188 146 135 47 37 173 212 81 243 142 112 247 172 166 164 81 220 211 152 71 130 211 223 74 98 210 140 24 197 246 162 74 86 15 114 222 234 199 200 122 66 100 121 232 94 237 63 240 217 170 93 22 2 251 239 136 134 171 198 87 209 77 52 141 92 213 199 84 40 248 97 231 111 60 125 108 226 5 49 69 151 209 192 96 184 49 212 181 90 154 67 15 12 94 72 89 203 232 246 58 185 181 39 60 242 60 112 152 45 21 145 167 131 138 54 111 144 57 219 45 111 2 64 120 139 104 194 56 28 114 169 20 198 248 130 0 245 133 145 206 25 81 178 218 70 215 117 163 241 92 36 23 79 250 199 196 110 97 250 13 215 239 107 111 83 134 6 146 129 132 212 251 238 6 62 195 146 100 232 98 199 17 82 249 249 52 122 113 252 
245 183 4 165 58 241 87 241 207 242 182 30 207 36 80 24 71 116 113 86 109 221 153 216 6 76 186 227 41 28 126 166 72 28 8 100 41 149 183 12 215 0 52 191 198 193 116 23 58 246 169 157 17 98 19 53 156 62 171 68 181 202 215 50 123 8 98 65 155 78 238 133 169 82 89 140 238 26 173 129 203 56 215 249 201 71 211 100 25 122 150 182 224 4 9 33 113 15 131 87 156 253 96 47 48 17 57 112 146 128 234 225 25 28 219 219 149 152 89 86 229 224 187 210 89 223 156 179 55 115 30 225 69 105 56 137 88 157 239 34 14 223 230 135 146 83 229 166 198 133 146 60 237 42 5 6 66 183 126 144 214 180 214 5 29 2 150 195 144 97 216 202 50 4 161 66 53 151 27 205 5 212 247 81 215 133 196 192 141 178 204 139 131 99 121 190 184 157 14 158 240 156 125 246 64 69 239 22 68 173 24 136 170 219 255 13 142 85 173 171 220 36 159 160 158 36 113 112 66 67 46 127 93 57 76 75 79 192 28 167 46 148 225 94 27 67 88 63 149 66 245 230 0 200 52 248 
186 191 207 185 3 151 143 147 169 187 197 22 154 107 22 83 93 135 176 1 63 209 34 48 181 205 58 215 3 146 205 40 135 46 11 39 100 183 141 150 61 52 0 34 37 223 138 73 246 11 170 184 44 175 88 135 179 70 240 39 90 209 1 165 248 104 129 171 6 247 162 147 92 8 106 0 113 245 185 64 244 82 16 148 223 237 37 184 117 202 179 229 28 247 248 77 214 142 139 65 147 253 187 47 15 75 254 231 191 255 45 71 241 94 79 2 32 106 239 209 125 104 45 18 173 111 157 32 146 173 241 51 243 142 186 197 71 63 240 249 17 158 109 167 198 210 68 226 30 180 151 182 6 125 138 232 103 40 237 135 84 119 184 84 119 223 205 139 68 253 185 238 212 195 62 142 34 57 199 73 237 236 62 235 209 236 156 118 167 163 163 15 151 0 80 75 180 209 42 15 27 24 144 35 218 213 28 144 170 45 8 106 15 253 152 166 123 35 82 28 107 41 40 47 177 23 114 46 193 6 110 221 137 176 245 21 195 142 190 82 25 127 4 150 143 49 103 181 233 211 109 167 165 243 217 147 
